c Emme Module:    3.01(v 9293)  Date: 14-10-10 17:10   User: E760/iTRANS.....RW
c Project:        02.0 NG TL MODEL                                            
c Scenario 21061: 21060 adjusted HDR 20140919                                 
t groups
a     gp: 'Park and ride catchments including gp26 ' /14-10-10 16:39
a   gp00:     1      2      3      4      5      6      7      8      9 
a   gp00:    10     11    101    102    103    104    105    106    107 
a   gp00:   108    109    110    111    112    113    114    115    116 
a   gp00:   117    118    119    120    121    122    123    124    125 
a   gp00:   126    127    128    129    130   1020   1030   1040   1050 
a   gp00:  1060   1110   1150   1530   1540   1550   1560   1570   1580 
a   gp00:  1590   1600   1610   1630   1680   1710   1900   1910   1920 
a   gp00:  1930   2000   2010   2020   2030   2040   2050   2060   2070 
a   gp00:  2080   2090   2100   2110   2120   2130   2140   2150   2160 
a   gp00:  2170   2180   2190   2200   2210   2220   2230   2240   2250 
a   gp00:  2260   2270   2280   2290   2300   2310   2320   2330   2900 
a   gp00:  2910   2920   3000   3010   3020   3030   3040   3050   3060 
a   gp00:  3070   3080   3090   3100   3110   3120   3130   3140   3150 
a   gp00:  3160   3170   3180   3190   3200   3210   3220   3230   3240 
a   gp00:  3250   3260   3270   3280   3290   3300   3310   3320   3330 
a   gp00:  3340   3350   3360   3370   3380   3390   3400   3410   3420 
a   gp00:  3430   3440   3450   3460   3470   3480   3490   3500   3510 
a   gp00:  3520   3530   3540   3580   3590   3600   3610   3620   3630 
a   gp00:  3640   3650   3660   3670   3680   3690   3700   3710   3720 
a   gp00:  3730   3740   3750   3760   3770   3780   3790   3800   3810 
a   gp00:  3820   3830   3840   3850   3860   3870   3880   3890   3900 
a   gp00:  3910   3920   3930   3940   3950   3960   3970   3980   3990 
a   gp00:  4030   4050   4070   4080   4090   4100   4110   4120   4140 
a   gp00:  4190   4200   4210   4220   4230   4240   4250   4260   4270 
a   gp00:  4280   4290   4300   4310   4320   4330   4340   4350   4360 
a   gp00:  4370   4380   4390   4400   4410   4420   4450   4460   4470 
a   gp00:  4480   4490   4500   4510   4530   4700   4710   4720   4730 
a   gp00:  4740   4750   4760   4770   4780   4790   4800   4810   4820 
a   gp00:  4830   4840   6000   6010   6020   6030   6390   6460   6470 
a   gp00:  6480   6730   6780   6790   6800   6810   6900   9600   9610 
a   gp00:  9620   9630   9640   9650   9660   9670   9680   9690   9700 
a   gp00:  9710   9720   9730   9740   9800   9810                      
a   gp01:  3550   3560   3570   4000   4010   4020   4040   4060        
a   gp02:  1290   1620   1640   1650   1660   1670   1690   1700        
a   gp03:  1000   1010                                                  
a   gp04:  1070   1080   1090   1100                                    
a   gp05:  6190   6200   6210   6220   6230   6240   6250   6290   6300 
a   gp05:  6310   6320   6330   6340   6350   6360   6420   6440        
a   gp06:  6700   6710   6720   6740   6760   6770                      
a   gp07:  6750   6910   6920   6930   6940   6950                      
a   gp08:  7720   7730   7740   7750   7780   7790   7800   7810   7820 
a   gp08:  7830   7840   7860   7890   7900   7910   7920   7930        
a   gp09:  7000   7010   7020   7030   7040   7050   7060   7070   7080 
a   gp09:  7100   7110   7120   7130   7140   7150   7190               
a   gp10:  7160   7170   7180   7200   7210   7220   7230   7240   7250 
a   gp10:  7260   7270   7280   7290   7300   7310   7320   7330   7340 
a   gp10:  7350   7360   7370   7380                                    
a   gp11:  7390   7400   7410   7420   7430   7440   7450   7460   7470 
a   gp11:  7570   7580   7590   7600   7610   7620   7630   7640        
a   gp12:  7480   7490   7500   7510   7520   7530   7540   7550   7560 
a   gp12:  7650   7660   7670   7680   7690   7700   7760   7770   7850 
a   gp13:  7710   7870   7880                                           
a   gp14:  8000   8010   8020   8030   8040   8050   8060   8070   8080 
a   gp14:  8090   8100   8110   8120   8130   8140   8150   8160   8170 
a   gp14:  8180   8200   8210   8220                                    
a   gp15:  8320   8330   8340   8350   8370   8650   8660   8670   8680 
a   gp15:  8690   8700   8710   8720   8730   8740   8750   8760   8770 
a   gp15:  8780   8790   8800   8820   8840                             
a   gp16:  8300   8310   8360   8400   8410   8420   8430   8440   8450 
a   gp16:  8460   8470   8480   8490   8500   8510   8520   8530   8540 
a   gp16:  8550   8560   8570   8580   8590   8600   8610   8620   8630 
a   gp16:  8640   8810   8830                                           
a   gp17:  5270   5280   5310   5320   5330   5340   5350   5370   5380 
a   gp17:  5390   5400                                                  
a   gp18:  5300   5360   5410   5420   5430   5440   5450   5460   5500 
a   gp18:  5510   5520   5530   5600   5610   5620   5630   5640   5650 
a   gp19:  5160   5210   5220   5240   5260                             
a   gp20:  5290   5540   5550   5560   5570   5580   5590               
a   gp21:  5000   5010   5020   5030   5040   5050   5060   5070   5080 
a   gp22:  5700   5710   5720   5730   5740                             
a   gp23:  5800   5810   5820   5830   5840   5850   5860   5870   5880 
a   gp23:  5890   5900   5910   5920   5930   5940   5950   5960        
a   gp24:  9000   9010   9020   9030   9040   9050   9060   9070   9080 
a   gp24:  9090   9100   9110   9120   9130   9140   9150   9160   9170 
a   gp24:  9180   9190   9200                                           
a   gp25:  1200   1210   1220   1230   1240   1250   1260   1270   1280 
a   gp25:  1500   1510   1520                                           
a   gp26:  6040   6050   6060   6070   6080   6090   6100   6110   6120 
a   gp26:  6130   6140   6150   6160   6170   6180   6260   6270   6280 
a   gp26:  6370   6380   6400   6410   6430   6450                      
a   gp27:  5170   5180   5230   5250                                    
a   gp28:  4130   4150   4160   4170   4180   4430   4440   4520   4540 
a   gp28:  4550   4560   5100   5110   5120   5130   5140   5150   5190 
a   gp28:  5200                                                         
a   gp29:  9300   9310   9320   9330   9340   9350   9360   9370   9380 
a   gp29:  9390   9400   9410   9420   9430   9440   9450   9460   9470 
a   gp29:  9500   9510   9520   9530   9540   9550   9560   9570        
a     gr: 'Park-ride destination catchment areas   ' /14-09-23 11:47
a   gr00:     1      2      3      4      5      6      7      8      9 
a   gr00:    10     11    101    102    103    104    105    106    107 
a   gr00:   108    109    110    111    112    113    114    115    116 
a   gr00:   117    118    119    120    121    122    123    124    125 
a   gr00:   126    127    128    129    130   1000   1010   1020   1030 
a   gr00:  1040   1050   1060   1070   1080   1090   1100   1110   1150 
a   gr00:  1200   1210   1220   1230   1240   1250   1260   1270   1280 
a   gr00:  1290   1500   1510   1520   1530   1540   1550   1560   1570 
a   gr00:  1580   1590   1600   1610   1620   1630   1640   1650   1660 
a   gr00:  1670   1680   1690   1700   1710   1900   1910   1920   1930 
a   gr00:  2910   3020   3050   3210   3220   3230   3240   3250   3260 
a   gr00:  3270   3280   3290   3300   3330   3340   3350   3360   3400 
a   gr00:  3470   3480   3490   3500   3510   3520   3530   3540   3550 
a   gr00:  3560   3570   3580   3610   3650   3660   3670   3680   3690 
a   gr00:  3750   3760   3770   3780   3790   3800   3810   3820   3870 
a   gr00:  3880   3890   3900   3910   3920   3930   3940   3950   3960 
a   gr00:  3970   3980   3990   4000   4010   4020   4030   4040   4050 
a   gr00:  4060   4070   4080   4090   4100   4110   4120   4130   4150 
a   gr00:  4160   4170   4180   4190   4200   4210   4250   4260   4270 
a   gr00:  4280   4290   4300   4310   4320   4360   4370   4380   4390 
a   gr00:  4400   4410   4420   4430   4440   4450   4460   4470   4480 
a   gr00:  4490   4500   4510   4520   4530   4540   4550   4560   4700 
a   gr00:  4710   4720   4810   4820   4830   4840   5000   5010   5020 
a   gr00:  5030   5040   5050   5060   5070   5080   5100   5110   5120 
a   gr00:  5130   5140   5150   5160   5170   5180   5190   5200   5210 
a   gr00:  5220   5230   5240   5250   5260   5270   5280   5290   5300 
a   gr00:  5310   5320   5330   5340   5350   5360   5370   5380   5390 
a   gr00:  5400   5410   5420   5430   5440   5450   5460   5500   5510 
a   gr00:  5520   5530   5540   5550   5560   5570   5580   5590   5600 
a   gr00:  5610   5620   5630   5640   5650   5700   5710   5720   5730 
a   gr00:  5740   5800   5810   5820   5830   5840   5850   5860   5870 
a   gr00:  5880   5890   5900   5910   5920   5930   5940   5950   5960 
a   gr00:  6010   6020   6030   6040   6050   6060   6070   6080   6090 
a   gr00:  6100   6110   6120   6130   6140   6150   6160   6170   6180 
a   gr00:  6190   6200   6210   6220   6230   6240   6250   6260   6270 
a   gr00:  6280   6360   6370   6380   6390   6400   6410   6420   6430 
a   gr00:  6440   6450   6460   6470   6480   6700   6710   6720   6730 
a   gr00:  6740   6750   6760   6770   6780   6790   6800   6810   6900 
a   gr00:  6910   6920   6930   6940   6950   7000   7010   7020   7030 
a   gr00:  7040   7050   7060   7070   7080   7100   7110   7120   7130 
a   gr00:  7140   7150   7160   7170   7180   7190   7200   7210   7220 
a   gr00:  7230   7240   7250   7260   7270   7280   7290   7300   7310 
a   gr00:  7320   7330   7340   7350   7360   7370   7380   7390   7400 
a   gr00:  7410   7420   7430   7440   7450   7460   7470   7480   7490 
a   gr00:  7500   7510   7520   7530   7540   7550   7560   7570   7580 
a   gr00:  7590   7600   7610   7620   7630   7640   7650   7660   7670 
a   gr00:  7680   7690   7700   7710   7720   7730   7740   7750   7760 
a   gr00:  7770   7780   7790   7800   7810   7820   7830   7840   7850 
a   gr00:  7860   7870   7880   7890   7900   7910   7920   7930   8000 
a   gr00:  8010   8020   8030   8040   8050   8060   8070   8080   8090 
a   gr00:  8100   8110   8120   8130   8140   8150   8160   8170   8180 
a   gr00:  8200   8210   8220   8300   8310   8320   8330   8340   8350 
a   gr00:  8360   8370   8400   8410   8420   8430   8440   8450   8460 
a   gr00:  8470   8480   8490   8500   8510   8520   8530   8540   8550 
a   gr00:  8560   8570   8580   8590   8600   8610   8620   8630   8640 
a   gr00:  8650   8660   8670   8680   8690   8700   8710   8720   8730 
a   gr00:  8740   8750   8760   8770   8780   8790   8800   8810   8820 
a   gr00:  8830   8840   9000   9010   9020   9030   9040   9050   9060 
a   gr00:  9070   9080   9090   9100   9110   9120   9130   9140   9150 
a   gr00:  9160   9170   9180   9190   9200   9300   9310   9320   9330 
a   gr00:  9340   9350   9360   9370   9380   9390   9400   9410   9420 
a   gr00:  9430   9440   9450   9460   9470   9500   9510   9520   9530 
a   gr00:  9540   9550   9560   9570   9600   9610   9620   9630   9640 
a   gr00:  9650   9660   9670   9680   9690   9700   9710   9720   9730 
a   gr00:  9740   9800   9810                                           
a   gr01:  2000   2010   2020   2030   2040   2050   2060   2070   2080 
a   gr01:  2090   2100   2110   2120   2130   2140   2150   2160   2170 
a   gr01:  2180   2190   2200   2210   2220   2230   2240   2250   2260 
a   gr01:  2270   2280   2290   2300   2310   2320   2330   3070   3080 
a   gr01:  3110   3120   3130   3140   3150   3160   3420   3430   3440 
a   gr01:  3450   3460                                                  
a   gr02:  3700   3710   3720   3730   3740   4220   4230   4240   4330 
a   gr02:  4340   4350   4730   4740   4750   4760   4770   4780   4790 
a   gr02:  4800                                                         
a   gr03:  4140                                                         
a   gr04:  2900                                                         
a   gr05:  6290   6300   6310   6320   6330   6340   6350               
a   gr06:  2920   3000   3010   3030   3040   3060   3090   3100   3170 
a   gr06:  3180   3190   3200   3310   3320   3370   3380   3390   3410 
a   gr06:  3590   3600   3620   3630   3640   3830   3840   3850   3860 
a   gr06:  6000                                                         

