    line   @hdwyam   @hdwymd   @hdwypm
'002E1A'         0         0         0
'002E1M'         0         0         0
'002E1P'         0         0         0
'002W1A'         0         0         0
'002W1M'         0         0         0
'002W1P'         0         0         0
'003N1A'         0         0         0
'003N1M'         0         0         0
'003N1P'         0         0         0
'003S1A'         0         0         0
'003S1M'         0         0         0
'003S1P'         0         0         0
'004E1A'         0         0         0
'004E1M'         0         0         0
'004E1P'         0         0         0
'004W1A'         0         0         0
'004W1M'         0         0         0
'004W1P'         0         0         0
'005E1A'         0         0         0
'005E1M'         0         0         0
'005E1P'         0         0         0
'005W1A'         0         0         0
'005W1M'         0         0         0
'005W1P'         0         0         0
'006E1A'         0         0         0
'006E1M'         0         0         0
'006E1P'         0         0         0
'006W1A'         0         0         0
'006W1M'         0         0         0
'006W1P'         0         0         0
'007E1A'         0         0         0
'007E1M'         0         0         0
'007E1P'         0         0         0
'007W1A'         0         0         0
'007W1M'         0         0         0
'007W1P'         0         0         0
'008E1A'         0         0         0
'008E1M'         0         0         0
'008E1P'         0         0         0
'008W1A'         0         0         0
'008W1M'         0         0         0
'008W1P'         0         0         0
'009E2A'         0         0         0
'009E2M'         0         0         0
'009E2P'         0         0         0
'009W1A'         0         0         0
'009W1M'         0         0         0
'009W1P'         0         0         0
'010N1A'         0         0         0
'010N1P'         0         0         0
'010N3M'         0         0         0
'010S1A'         0         0         0
'010S1M'         0         0         0
'010S1P'         0         0         0
'014E1A'         0         0         0
'014E1M'         0         0         0
'014E1P'         0         0         0
'014W1A'         0         0         0
'014W1M'         0         0         0
'014W1P'         0         0         0
'015N1A'         0         0         0
'015N1M'         0         0         0
'015N1P'         0         0         0
'015S1A'         0         0         0
'015S1M'         0         0         0
'015S1P'         0         0         0
'016E1A'         0         0         0
'016E1M'         0         0         0
'016E1P'         0         0         0
'016W1A'         0         0         0
'016W1M'         0         0         0
'016W1P'         0         0         0
'017E1A'         0         0         0
'017E1M'         0         0         0
'017E1P'         0         0         0
'017W1A'         0         0         0
'017W1M'         0         0         0
'017W1P'         0         0         0
'019E1A'         0         0         0
'019E1M'         0         0         0
'019E1P'         0         0         0
'019W1A'         0         0         0
'019W1M'         0         0         0
'019W1P'         0         0         0
'020N1A'         0         0         0
'020N1M'         0         0         0
'020N1P'         0         0         0
'020S1A'         0         0         0
'020S1M'         0         0         0
'020S1P'         0         0         0
'022E2A'         0         0         0
'022E2M'         0         0         0
'022E2P'         0         0         0
'022W1A'         0         0         0
'022W1M'         0         0         0
'022W1P'         0         0         0
'025E1A'         0         0         0
'025E1M'         0         0         0
'025E1P'         0         0         0
'025W1A'         0         0         0
'025W1M'         0         0         0
'025W1P'         0         0         0
'026E1A'         0         0         0
'026E1M'         0         0         0
'026E1P'         0         0         0
'026W1A'         0         0         0
'026W1M'         0         0         0
'026W1P'         0         0         0
'027N1A'         0         0         0
'027N1M'         0         0         0
'027N1P'         0         0         0
'027S1A'         0         0         0
'027S1M'         0         0         0
'027S1P'         0         0         0
'028N1A'         0         0         0
'028N1M'         0         0         0
'028N1P'         0         0         0
'028S1A'         0         0         0
'028S1M'         0         0         0
'028S1P'         0         0         0
'029N1A'         0         0         0
'029N1M'         0         0         0
'029N1P'         0         0         0
'029S1A'         0         0         0
'029S1M'         0         0         0
'029S1P'         0         0         0
'032N1A'         0         0         0
'032S1P'         0         0         0
'033E1A'         0         0         0
'033E1M'         0         0         0
'033E1P'         0         0         0
'033W1A'         0         0         0
'033W1M'         0         0         0
'033W1P'         0         0         0
'041E1A'         0         0         0
'041E1M'         0         0         0
'041E1P'         0         0         0
'041W1A'         0         0         0
'041W1M'         0         0         0
'041W1P'         0         0         0
'043E1A'         0         0         0
'043E1P'         0         0         0
'043W1A'         0         0         0
'043W1P'         0         0         0
'044E1A'         0         0         0
'044E1M'         0         0         0
'044E1P'         0         0         0
'044W1A'         0         0         0
'044W1M'         0         0         0
'044W1P'         0         0         0
'049E1A'         0         0         0
'049E1M'         0         0         0
'049E1P'         0         0         0
'049W1A'         0         0         0
'049W1M'         0         0         0
'049W1P'         0         0         0
'050N1A'         0         0         0
'050N1M'         0         0         0
'050N1P'         0         0         0
'050S1A'         0         0         0
'050S1M'         0         0         0
'050S1P'         0         0         0
'084E1A'         0         0         0
'084E1M'         0         0         0
'084E1P'         0         0         0
'084W1A'         0         0         0
'084W1M'         0         0         0
'084W1P'         0         0         0
'096N1A'         0         0         0
'096N1M'         0         0         0
'096N1P'         0         0         0
'096S1A'         0         0         0
'096S1M'         0         0         0
'096S1P'         0         0         0
'099E1A'         0         0         0
'099E1M'         0         0         0
'099E1P'         0         0         0
'099W1A'         0         0         0
'099W1M'         0         0         0
'099W1P'         0         0         0
'100E1A'         0         0         0
'100E1M'         0         0         0
'100E1P'         0         0         0
'100W1A'         0         0         0
'100W1M'         0         0         0
'100W1P'         0         0         0
'101E1A'         0         0         0
'101E1M'         0         0         0
'101E1P'         0         0         0
'101W1A'         0         0         0
'101W1M'         0         0         0
'101W1P'         0         0         0
'104M1A'         0         0         0
'104M1M'         0         0         0
'104M1P'         0         0         0
'106E1A'         0         0         0
'106E1M'         0         0         0
'106E1P'         0         0         0
'106W1A'         0         0         0
'106W1M'         0         0         0
'106W1P'         0         0         0
'110E1A'         0         0         0
'110E1M'         0         0         0
'110E1P'         0         0         0
'110W1A'         0         0         0
'110W1M'         0         0         0
'110W1P'         0         0         0
'112E1A'         0         0         0
'112E1M'         0         0         0
'112E1P'         0         0         0
'112W1A'         0         0         0
'112W1M'         0         0         0
'112W1P'         0         0         0
'116E1A'         0         0         0
'116E1M'         0         0         0
'116E1P'         0         0         0
'116W1A'         0         0         0
'116W1M'         0         0         0
'116W1P'         0         0         0
'123E1A'         0         0         0
'123E1M'         0         0         0
'123E1P'         0         0         0
'123W1A'         0         0         0
'123W1M'         0         0         0
'123W1P'         0         0         0
'125N1A'         0         0         0
'125S1P'         0         0         0
'128E1A'         0         0         0
'128E1M'         0         0         0
'128E1P'         0         0         0
'128W1A'         0         0         0
'128W1M'         0         0         0
'128W1P'         0         0         0
'129E1A'         0         0         0
'129E1M'         0         0         0
'129E1P'         0         0         0
'129W1A'         0         0         0
'129W1M'         0         0         0
'129W1P'         0         0         0
'130N1A'         0         0         0
'130N1M'         0         0         0
'130N1P'         0         0         0
'130S1A'         0         0         0
'130S1M'         0         0         0
'130S1P'         0         0         0
'134E1A'         0         0         0
'134E1M'         0         0         0
'134E1P'         0         0         0
'134W1A'         0         0         0
'134W1M'         0         0         0
'134W1P'         0         0         0
'135E1A'         0         0         0
'135E1M'         0         0         0
'135E1P'         0         0         0
'135W1A'         0         0         0
'135W1P'         0         0         0
'135W2M'         0         0         0
'136E1A'         0         0         0
'136E1M'         0         0         0
'136E1P'         0         0         0
'136W1A'         0         0         0
'136W1M'         0         0         0
'136W1P'         0         0         0
'144N1A'         0         0         0
'144N1M'         0         0         0
'144N1P'         0         0         0
'144S1A'         0         0         0
'144S1M'         0         0         0
'144S1P'         0         0         0
'145N1A'         0         0         0
'145N1M'         0         0         0
'145N1P'         0         0         0
'145S1A'         0         0         0
'145S1M'         0         0         0
'145S1P'         0         0         0
'152E2A'         0         0         0
'152E2M'         0         0         0
'152E2P'         0         0         0
'152W2A'         0         0         0
'152W2M'         0         0         0
'152W2P'         0         0         0
'159E1A'         0         0         0
'159E1M'         0         0         0
'159E1P'         0         0         0
'159W1A'         0         0         0
'159W1M'         0         0         0
'159W1P'         0         0         0
'160E1A'         0         0         0
'160E1M'         0         0         0
'160E1P'         0         0         0
'160W1A'         0         0         0
'160W1M'         0         0         0
'160W1P'         0         0         0
'160W2A'         0         0         0
'169E1A'         0         0         0
'169E1M'         0         0         0
'169E1P'         0         0         0
'169W1A'         0         0         0
'169W1M'         0         0         0
'169W1P'         0         0         0
'210N1A'         0         0         0
'210N1M'         0         0         0
'210N1P'         0         0         0
'210S1A'         0         0         0
'210S1M'         0         0         0
'210S1P'         0         0         0
'211E1A'         0         0         0
'211E1P'         0         0         0
'211E2A'         0         0         0
'211E2P'         0         0         0
'211E3M'         0         0         0
'211W1A'         0         0         0
'211W1M'         0         0         0
'211W1P'         0         0         0
'212E1A'         0         0         0
'212E1M'         0         0         0
'212E1P'         0         0         0
'212W1A'         0         0         0
'212W1M'         0         0         0
'212W1P'         0         0         0
'214E1A'         0         0         0
'214E1M'         0         0         0
'214E1P'         0         0         0
'214W1A'         0         0         0
'214W1M'         0         0         0
'214W1P'         0         0         0
'227N1A'         0         0         0
'227N1M'         0         0         0
'227N1P'         0         0         0
'227S1A'         0         0         0
'227S1M'         0         0         0
'227S1P'         0         0         0
'228N1A'         0         0         0
'228N1M'         0         0         0
'228N1P'         0         0         0
'228S1A'         0         0         0
'228S1M'         0         0         0
'228S1P'         0         0         0
'229E2A'         0         0         0
'229E2M'         0         0         0
'229E2P'         0         0         0
'229W1A'         0         0         0
'229W1M'         0         0         0
'229W1P'         0         0         0
'230M1A'         0         0         0
'230M1M'         0         0         0
'230M1P'         0         0         0
'231W1A'         0         0         0
'231W1P'         0         0         0
'232E1A'         0         0         0
'232E1M'         0         0         0
'232E1P'         0         0         0
'232W1A'         0         0         0
'232W1M'         0         0         0
'232W1P'         0         0         0
'236N1A'         0         0         0
'236N1M'         0         0         0
'236N1P'         0         0         0
'236S1A'         0         0         0
'236S1M'         0         0         0
'236S1P'         0         0         0
'239E1A'         0         0         0
'239E1M'         0         0         0
'239E1P'         0         0         0
'239W1A'         0         0         0
'239W1M'         0         0         0
'239W1P'         0         0         0
'240E1A'         0         0         0
'240E1M'         0         0         0
'240E1P'         0         0         0
'240W1A'         0         0         0
'240W1M'         0         0         0
'240W1P'         0         0         0
'241N1P'         0         0         0
'241S1A'         0         0         0
'246E1A'         0         0         0
'246E1M'         0         0         0
'246E1P'         0         0         0
'246W1A'         0         0         0
'246W1M'         0         0         0
'246W1P'         0         0         0
'247N1P'         0         0         0
'247S1A'         0         0         0
'250E1A'         0         0         0
'250E1M'         0         0         0
'250E1P'         0         0         0
'250W1A'         0         0         0
'250W1M'         0         0         0
'250W1P'         0         0         0
'251E1A'         0         0         0
'251E1M'         0         0         0
'251E1P'         0         0         0
'251W1A'         0         0         0
'251W1M'         0         0         0
'251W1P'         0         0         0
'252E1A'         0         0         0
'252E1M'         0         0         0
'252E1P'         0         0         0
'252W1A'         0         0         0
'252W1M'         0         0         0
'252W1P'         0         0         0
'253E1A'         0         0         0
'253E1P'         0         0         0
'253E2M'         0         0         0
'253W1A'         0         0         0
'253W1M'         0         0         0
'253W1P'         0         0         0
'254M1A'         0         0         0
'254M1M'         0         0         0
'254M1P'         0         0         0
'255E1A'         0         0         0
'255E1M'         0         0         0
'255E1P'         0         0         0
'255W1A'         0         0         0
'255W1M'         0         0         0
'255W1P'         0         0         0
'256N1A'         0         0         0
'256N1M'         0         0         0
'256N1P'         0         0         0
'256S1A'         0         0         0
'256S1M'         0         0         0
'256S1P'         0         0         0
'257E1A'         0         0         0
'257E1M'         0         0         0
'257E1P'         0         0         0
'257W1A'         0         0         0
'257W1M'         0         0         0
'257W1P'         0         0         0
'258N1P'         0         0         0
'258S1A'         0         0         0
'259N1A'         0         0         0
'259N1P'         0         0         0
'259S1A'         0         0         0
'259S1P'         0         0         0
'301E1A'         0         0         0
'301E1M'         0         0         0
'301E1P'         0         0         0
'301W1A'         0         0         0
'301W1M'         0         0         0
'301W1P'         0         0         0
'311N1A'         0         0         0
'311S1P'         0         0         0
'312N1A'         0         0         0
'312N1M'         0         0         0
'312N1P'         0         0         0
'312S1A'         0         0         0
'312S1M'         0         0         0
'312S1P'         0         0         0
'314E2A'         0         0         0
'314E2M'         0         0         0
'314E2P'         0         0         0
'314W1A'         0         0         0
'314W1M'         0         0         0
'314W1P'         0         0         0
'316N1A'         0         0         0
'316N1M'         0         0         0
'316N1P'         0         0         0
'316S1A'         0         0         0
'316S1M'         0         0         0
'316S1P'         0         0         0
'319N1A'         0         0         0
'319N1M'         0         0         0
'319N1P'         0         0         0
'319S1A'         0         0         0
'319S1M'         0         0         0
'319S1P'         0         0         0
'320E1A'         0         0         0
'320E1M'         0         0         0
'320E1P'         0         0         0
'320W1A'         0         0         0
'320W1M'         0         0         0
'320W1P'         0         0         0
'321N2A'         0         0         0
'321N2M'         0         0         0
'321N2P'         0         0         0
'321S2A'         0         0         0
'321S2M'         0         0         0
'321S2P'         0         0         0
'323N1A'         0         0         0
'323N1M'         0         0         0
'323N1P'         0         0         0
'323S1A'         0         0         0
'323S1M'         0         0         0
'323S1P'         0         0         0
'324N1A'         0         0         0
'324N1M'         0         0         0
'324N1P'         0         0         0
'324S1A'         0         0         0
'324S1M'         0         0         0
'324S1P'         0         0         0
'325N1A'         0         0         0
'325N1M'         0         0         0
'325N1P'         0         0         0
'325S1A'         0         0         0
'325S1M'         0         0         0
'325S1P'         0         0         0
'326E1A'         0         0         0
'326E1M'         0         0         0
'326E1P'         0         0         0
'326W1A'         0         0         0
'326W1M'         0         0         0
'326W1P'         0         0         0
'329N3M'         0         0         0
'329S1A'         0         0         0
'329S1P'         0         0         0
'329S3M'         0         0         0
'332E1A'         0         0         0
'332E1M'         0         0         0
'332E1P'         0         0         0
'332W1A'         0         0         0
'332W1M'         0         0         0
'332W1P'         0         0         0
'335E2A'         0         0         0
'335E2M'         0         0         0
'335E2P'         0         0         0
'335W1A'         0         0         0
'335W1M'         0         0         0
'335W1P'         0         0         0
'337E1A'         0         0         0
'337E1M'         0         0         0
'337E1P'         0         0         0
'337W1A'         0         0         0
'337W1M'         0         0         0
'337W1P'         0         0         0
'340E1A'         0         0         0
'340E1M'         0         0         0
'340E1P'         0         0         0
'340W1A'         0         0         0
'340W1M'         0         0         0
'340W1P'         0         0         0
'341N1A'         0         0         0
'341N1M'         0         0         0
'341N1P'         0         0         0
'341S1A'         0         0         0
'341S1M'         0         0         0
'341S1P'         0         0         0
'345N1A'         0         0         0
'345N1M'         0         0         0
'345N1P'         0         0         0
'345S1A'         0         0         0
'345S1M'         0         0         0
'345S1P'         0         0         0
'351N1A'         0         0         0
'351N1M'         0         0         0
'351N1P'         0         0         0
'351S1A'         0         0         0
'351S1M'         0         0         0
'351S1P'         0         0         0
'352N1A'         0         0         0
'352S1P'         0         0         0
'354N1A'         0         0         0
'354S1P'         0         0         0
'364E1A'         0         0         0
'364E1M'         0         0         0
'364E1P'         0         0         0
'364W1A'         0         0         0
'364W1M'         0         0         0
'364W1P'         0         0         0
'375N1A'         0         0         0
'375N1M'         0         0         0
'375N1P'         0         0         0
'375S1A'         0         0         0
'375S1M'         0         0         0
'375S1P'         0         0         0
'388E1A'         0         0         0
'388E1P'         0         0         0
'388W1A'         0         0         0
'388W1M'         0         0         0
'388W1P'         0         0         0
'391N1A'         0         0         0
'391S1P'         0         0         0
'393N1A'         0         0         0
'393S1P'         0         0         0
'394N1A'         0         0         0
'394N1P'         0         0         0
'394S1A'         0         0         0
'394S1P'         0         0         0
'395E1P'         0         0         0
'395W1A'         0         0         0
'401E1A'         0         0         0
'401E1M'         0         0         0
'401E1P'         0         0         0
'401W1A'         0         0         0
'401W1M'         0         0         0
'401W1P'         0         0         0
'402N1A'         0         0         0
'402N1M'         0         0         0
'402N1P'         0         0         0
'402S1A'         0         0         0
'402S1M'         0         0         0
'402S1P'         0         0         0
'403N1A'         0         0         0
'403N1M'         0         0         0
'403N1P'         0         0         0
'403S1A'         0         0         0
'403S1M'         0         0         0
'403S1P'         0         0         0
'404E1A'         0         0         0
'404E1M'         0         0         0
'404E1P'         0         0         0
'404W1A'         0         0         0
'404W1M'         0         0         0
'404W1P'         0         0         0
'405N1A'         0         0         0
'405N1M'         0         0         0
'405N1P'         0         0         0
'405S1A'         0         0         0
'405S1M'         0         0         0
'405S1P'         0         0         0
'407N1A'         0         0         0
'407N1M'         0         0         0
'407N1P'         0         0         0
'407S1A'         0         0         0
'407S1M'         0         0         0
'407S1P'         0         0         0
'410E1A'         0         0         0
'410E1M'         0         0         0
'410E1P'         0         0         0
'410W2A'         0         0         0
'410W2M'         0         0         0
'410W2P'         0         0         0
'430E1A'         0         0         0
'430E1M'         0         0         0
'430E1P'         0         0         0
'430W1A'         0         0         0
'430W1M'         0         0         0
'430W1P'         0         0         0
'480E1A'         0         0         0
'480E1M'         0         0         0
'480E1P'         0         0         0
'480W1A'         0         0         0
'480W1M'         0         0         0
'480W1P'         0         0         0
'501N1A'         0         0         0
'501N1M'         0         0         0
'501N1P'         0         0         0
'501S1A'         0         0         0
'501S1M'         0         0         0
'501S1P'         0         0         0
'502E1A'         0         0         0
'502E1M'         0         0         0
'502E1P'         0         0         0
'502E2P'         0         0         0
'502W1A'         0         0         0
'502W1M'         0         0         0
'502W1P'         0         0         0
'502W2A'         0         0         0
'502W2P'         0         0         0
'503E1A'         0         0         0
'503E1M'         0         0         0
'503E1P'         0         0         0
'503W1A'         0         0         0
'503W1M'         0         0         0
'503W1P'         0         0         0
'509E1P'         0         0         0
'509W1A'         0         0         0
'531E1A'         0         0         0
'531E1M'         0         0         0
'531E1P'         0         0         0
'531W1A'         0         0         0
'531W1M'         0         0         0
'531W1P'         0         0         0
'590N1A'         0         0         0
'590S1P'         0         0         0
'595N1A'         0         0         0
'595N1M'         0         0         0
'595N1P'         0         0         0
'595S1A'         0         0         0
'595S1M'         0         0         0
'595S1P'         0         0         0
'601N1A'         0         0         0
'601N1M'         0         0         0
'601N1P'         0         0         0
'601S1A'         0         0         0
'601S1M'         0         0         0
'601S1P'         0         0         0
'602N1A'         0         0         0
'602S1P'         0         0         0
'603N1A'         0         0         0
'603N1P'         0         0         0
'604N1A'         0         0         0
'604N1P'         0         0         0
'608M1A'         0         0         0
'609E1A'         0         0         0
'609E1M'         0         0         0
'609E1P'         0         0         0
'609W1A'         0         0         0
'609W1M'         0         0         0
'609W1P'         0         0         0
'620N1A'         0         0         0
'620N1M'         0         0         0
'620N1P'         0         0         0
'620S1A'         0         0         0
'620S1M'         0         0         0
'620S1P'         0         0         0
'640N1A'         0         0         0
'640N1M'         0         0         0
'640N1P'         0         0         0
'640S1A'         0         0         0
'640S1M'         0         0         0
'640S1P'         0         0         0
'701E1A'         0         0         0
'701E1M'         0         0         0
'701E1P'         0         0         0
'701W3A'         0         0         0
'701W3M'         0         0         0
'701W3P'         0         0         0
'9900NA'         0         0         0
'9900NM'         0         0         0
'9900NP'         0         0         0
'9900SA'         0         0         0
'9900SM'         0         0         0
'9900SP'         0         0         0
'9903EP'         0         0         0
'9903WA'         0         0         0
'9910NA'         0         0         0
'9910NM'         0         0         0
'9910NP'         0         0         0
'9910SA'         0         0         0
'9910SM'         0         0         0
'9910SP'         0         0         0
'9911NA'         0         0         0
'9911NM'         0         0         0
'9911NP'         0         0         0
'9911SA'         0         0         0
'9911SM'         0         0         0
'9911SP'         0         0         0
'9920EA'         0         0         0
'9920EM'         0         0         0
'9920EP'         0         0         0
'9920WA'         0         0         0
'9920WM'         0         0         0
'9920WP'         0         0         0
'9921EA'         0         0         0
'9921EM'         0         0         0
'9921EP'         0         0         0
'9921WA'         0         0         0
'9921WM'         0         0         0
'9921WP'         0         0         0
'9922EA'         0         0         0
'9922EM'         0         0         0
'9922EP'         0         0         0
'9922WA'         0         0         0
'9922WM'         0         0         0
'9922WP'         0         0         0
'c01E1A'         0         0         0
'c01E1M'         0         0         0
'c01E1P'         0         0         0
'c01W1A'         0         0         0
'c01W1M'         0         0         0
'c01W1P'         0         0         0
'c02N1A'         0         0         0
'c02N1M'         0         0         0
'c02N1P'         0         0         0
'c02S1A'         0         0         0
'c02S1M'         0         0         0
'c02S1P'         0         0         0
'c03E1A'         0         0         0
'c03E1M'         0         0         0
'c03E1P'         0         0         0
'c03W1A'         0         0         0
'c03W1M'         0         0         0
'c03W1P'         0         0         0
'c04E1A'         0         0         0
'c04E1M'         0         0         0
'c04E1P'         0         0         0
'c04W1A'         0         0         0
'c04W1M'         0         0         0
'c04W1P'         0         0         0
'c05E1A'         0         0         0
'c05E1M'         0         0         0
'c05E1P'         0         0         0
'c05W1A'         0         0         0
'c05W1M'         0         0         0
'c05W1P'         0         0         0
'c06M1A'         0         0         0
'c06M1M'         0         0         0
'c06M1P'         0         0         0
'c07E1A'         0         0         0
'c07E1M'         0         0         0
'c07E1P'         0         0         0
'c07W1A'         0         0         0
'c07W1M'         0         0         0
'c07W1P'         0         0         0
'c08E1A'         0         0         0
'c08E1M'         0         0         0
'c08E1P'         0         0         0
'c08W1A'         0         0         0
'c08W1M'         0         0         0
'c08W1P'         0         0         0
'c09N1A'         0         0         0
'c09N1M'         0         0         0
'c09N1P'         0         0         0
'c09S1A'         0         0         0
'c09S1M'         0         0         0
'c09S1P'         0         0         0
'c12N1A'         0         0         0
'c12N1M'         0         0         0
'c12N1P'         0         0         0
'c12S1A'         0         0         0
'c12S1M'         0         0         0
'c12S1P'         0         0         0
'c15E1A'         0         0         0
'c15E1M'         0         0         0
'c15E1P'         0         0         0
'c15W1A'         0         0         0
'c15W1M'         0         0         0
'c15W1P'         0         0         0
'c20E1A'         0         0         0
'c20E1M'         0         0         0
'c20E1P'         0         0         0
'c21E1A'         0         0         0
'c21E1M'         0         0         0
'c21E1P'         0         0         0
'c21W1A'         0         0         0
'c21W1M'         0         0         0
'c21W1P'         0         0         0
'c23E1A'         0         0         0
'c23E1M'         0         0         0
'c23E1P'         0         0         0
'c23W1A'         0         0         0
'c23W1M'         0         0         0
'c23W1P'         0         0         0
'c24N1A'         0         0         0
'c24N1M'         0         0         0
'c24N1P'         0         0         0
'c24S1A'         0         0         0
'c24S1M'         0         0         0
'c24S1P'         0         0         0
'c25N1A'         0         0         0
'c25N1M'         0         0         0
'c25N1P'         0         0         0
'c25S1A'         0         0         0
'c25S1M'         0         0         0
'c25S1P'         0         0         0
'c26N2A'         0         0         0
'c26N2M'         0         0         0
'c26N2P'         0         0         0
'c26S1A'         0         0         0
'c26S1M'         0         0         0
'c26S1P'         0         0         0
'c27E1A'         0         0         0
'c27E1M'         0         0         0
'c27E1P'         0         0         0
'c27W1A'         0         0         0
'c27W1M'         0         0         0
'c27W1P'         0         0         0
'c28E1A'         0         0         0
'c28E1M'         0         0         0
'c28E1P'         0         0         0
'c28W1A'         0         0         0
'c28W1M'         0         0         0
'c28W1P'         0         0         0
'c29M1A'         0         0         0
'c29M1M'         0         0         0
'c29M1P'         0         0         0
'c30N1A'         0         0         0
'c30N1M'         0         0         0
'c30N1P'         0         0         0
'c30S1A'         0         0         0
'c30S1M'         0         0         0
'c30S1P'         0         0         0
'c36M1A'         0         0         0
'c36M1M'         0         0         0
'c36M1P'         0         0         0
'c37M1A'         0         0         0
'c37M1M'         0         0         0
'c37M1P'         0         0         0
'c37M2A'         0         0         0
'c37M2M'         0         0         0
'c37M2P'         0         0         0
'c38M1A'         0         0         0
'c38M1M'         0         0         0
'c38M1P'         0         0         0
'c38M2A'         0         0         0
'c38M2M'         0         0         0
'c38M2P'         0         0         0
'c40E1A'         0         0         0
'c40E1M'         0         0         0
'c40E1P'         0         0         0
'c40W1A'         0         0         0
'c40W1M'         0         0         0
'c40W1P'         0         0         0
'c41E2A'         0         0         0
'c41E2M'         0         0         0
'c41E2P'         0         0         0
'c41W2A'         0         0         0
'c41W2M'         0         0         0
'c41W2P'         0         0         0
'c43E1A'         0         0         0
'c43E1M'         0         0         0
'c43E1P'         0         0         0
'c43W1A'         0         0         0
'c43W1M'         0         0         0
'c43W1P'         0         0         0
'c44E1A'         0         0         0
'c44E1M'         0         0         0
'c44E1P'         0         0         0
'c44W1A'         0         0         0
'c44W1M'         0         0         0
'c44W1P'         0         0         0
'c45M1A'         0         0         0
'c45M1M'         0         0         0
'c45M1P'         0         0         0
'c46M1A'         0         0         0
'c46M1M'         0         0         0
'c46M1P'         0         0         0
'c47M1A'         0         0         0
'c47M1M'         0         0         0
'c47M1P'         0         0         0
'c48M1A'         0         0         0
'c48M1M'         0         0         0
'c48M1P'         0         0         0
'c49E1A'         0         0         0
'c49E1M'         0         0         0
'c49E1P'         0         0         0
'c49W1A'         0         0         0
'c49W1M'         0         0         0
'c49W1P'         0         0         0
'c50E1A'         0         0         0
'c50E1M'         0         0         0
'c50E1P'         0         0         0
'c50W1A'         0         0         0
'c50W1M'         0         0         0
'c50W1P'         0         0         0
'c51E1A'         0         0         0
'c51E1M'         0         0         0
'c51E1P'         0         0         0
'c51W1A'         0         0         0
'c51W1M'         0         0         0
'c51W1P'         0         0         0
'c52N1M'         0         0         0
'c52S1M'         0         0         0
'c53M1A'         0         0         0
'c53M1M'         0         0         0
'c53M1P'         0         0         0
'c60M1A'         0         0         0
'c60M1M'         0         0         0
'c60M1P'         0         0         0
'c61M1A'         0         0         0
'c61M1M'         0         0         0
'c61M1P'         0         0         0
'c62N1A'         0         0         0
'c62N1M'         0         0         0
'c62N1P'         0         0         0
'c62S1A'         0         0         0
'c62S1M'         0         0         0
'c62S1P'         0         0         0
'c63N1A'         0         0         0
'c63N1M'         0         0         0
'c63N1P'         0         0         0
'c63S1A'         0         0         0
'c63S1M'         0         0         0
'c63S1P'         0         0         0
'c64E1A'         0         0         0
'c64E1M'         0         0         0
'c64E1P'         0         0         0
'c64W1A'         0         0         0
'c64W1M'         0         0         0
'c64W1P'         0         0         0
'c70E1A'         0         0         0
'c70E1M'         0         0         0
'c70E1P'         0         0         0
'c70W1A'         0         0         0
'c70W1M'         0         0         0
'c70W1P'         0         0         0
'c71E1A'         0         0         0
'c71E1M'         0         0         0
'c71E1P'         0         0         0
'c71W1A'         0         0         0
'c71W1M'         0         0         0
'c71W1P'         0         0         0
'c73E1A'         0         0         0
'c73E1M'         0         0         0
'c73E1P'         0         0         0
'c73W1A'         0         0         0
'c73W1M'         0         0         0
'c73W1P'         0         0         0
'c75E1A'         0         0         0
'c75E1M'         0         0         0
'c75E1P'         0         0         0
'c75W1A'         0         0         0
'c75W1M'         0         0         0
'c75W1P'         0         0         0
'c76E1A'         0         0         0
'c76E1M'         0         0         0
'c76E1P'         0         0         0
'c76W1A'         0         0         0
'c76W1M'         0         0         0
'c76W1P'         0         0         0
'c84N1M'         0         0         0
'c84S1M'         0         0         0
'c86E1A'         0         0         0
'c86E1M'         0         0         0
'c86E1P'         0         0         0
'c86W1A'         0         0         0
'c86W1M'         0         0         0
'c86W1P'         0         0         0
'c87M1A'         0         0         0
'c87M1M'         0         0         0
'c87M1P'         0         0         0
'c88M1A'         0         0         0
'c88M1M'         0         0         0
'c88M1P'         0         0         0
'c89N1M'         0         0         0
'c89S1M'         0         0         0
'c92M1A'         0         0         0
'c92M1M'         0         0         0
'c92M1P'         0         0         0
'c93E1A'         0         0         0
'c93E1M'         0         0         0
'c93E1P'         0         0         0
'c93W1A'         0         0         0
'c93W1M'         0         0         0
'c93W1P'         0         0         0
'c94E2M'         0         0         0
'c94W2M'         0         0         0
'c96E1A'         0         0         0
'c96E1M'         0         0         0
'c96E1P'         0         0         0
'c96W1A'         0         0         0
'c96W1M'         0         0         0
'c96W1P'         0         0         0
'c98N1A'         0         0         0
'c98N1P'         0         0         0
'c98S1A'         0         0         0
'c98S1M'         0         0         0
'c98S1P'         0         0         0
'c99E1M'         0         0         0
'c99W1M'         0         0         0
'cf01EA'         0         0         0
'cf01EM'         0         0         0
'cf01EP'         0         0         0
'cf01WA'         0         0         0
'cf01WM'         0         0         0
'cf01WP'         0         0         0
'cf02EA'         0         0         0
'cf02EM'         0         0         0
'cf02EP'         0         0         0
'cf02WA'         0         0         0
'cf02WM'         0         0         0
'cf02WP'         0         0         0
'cf03EA'         0         0         0
'cf03EM'         0         0         0
'cf03EP'         0         0         0
'cf03WA'         0         0         0
'cf03WM'         0         0         0
'cf03WP'         0         0         0
'cf04NA'         0         0         0
'cf04NM'         0         0         0
'cf04NP'         0         0         0
'cf04SA'         0         0         0
'cf04SM'         0         0         0
'cf04SP'         0         0         0
'cf05EA'         0         0         0
'cf05EM'         0         0         0
'cf05EP'         0         0         0
'cf05WA'         0         0         0
'cf05WM'         0         0         0
'cf05WP'         0         0         0
'cf06LA'         0         0         0
'cf06LM'         0         0         0
'cf06LP'         0         0         0
'cf07LA'         0         0         0
'cf07LM'         0         0         0
'cf07LP'         0         0         0
'cf12NA'         0         0         0
'cf12NM'         0         0         0
'cf12NP'         0         0         0
'cf12SA'         0         0         0
'cf12SM'         0         0         0
'cf12SP'         0         0         0
'cf15EA'         0         0         0
'cf15EM'         0         0         0
'cf15EP'         0         0         0
'cf15WA'         0         0         0
'cf15WM'         0         0         0
'cf15WP'         0         0         0
'cf16EA'         0         0         0
'cf16EM'         0         0         0
'cf16EP'         0         0         0
'cf16WA'         0         0         0
'cf16WM'         0         0         0
'cf16WP'         0         0         0
'cf17LA'         0         0         0
'cf17LM'         0         0         0
'cf17LP'         0         0         0
'cf21EA'         0         0         0
'cf21EM'         0         0         0
'cf21EP'         0         0         0
'cf21WA'         0         0         0
'cf21WM'         0         0         0
'cf21WP'         0         0         0
'cf22LA'         0         0         0
'cf22LM'         0         0         0
'cf22LP'         0         0         0
'cf23LA'         0         0         0
'cf23LM'         0         0         0
'cf23LP'         0         0         0
'cf31NA'         0         0         0
'cf31NM'         0         0         0
'cf31NP'         0         0         0
'cf31SA'         0         0         0
'cf31SM'         0         0         0
'cf31SP'         0         0         0
'cf32LA'         0         0         0
'cf32LM'         0         0         0
'cf32LP'         0         0         0
'cf33LA'         0         0         0
'cf33LM'         0         0         0
'cf33LP'         0         0         0
'cf34NA'         0         0         0
'cf34NM'         0         0         0
'cf34NP'         0         0         0
'cf34SA'         0         0         0
'cf34SM'         0         0         0
'cf34SP'         0         0         0
'cf35EA'         0         0         0
'cf35EP'         0         0         0
'cf35WA'         0         0         0
'cf35WP'         0         0         0
'cf66EA'         0         0         0
'cf66EM'         0         0         0
'cf66EP'         0         0         0
'cf66WA'         0         0         0
'cf66WM'         0         0         0
'cf66WP'         0         0         0
'ch01NA'         0         0         0
'ch01NM'         0         0         0
'ch01NP'         0         0         0
'ch01SA'         0         0         0
'ch01SM'         0         0         0
'ch01SP'         0         0         0
'ch02NA'         0         0         0
'ch02NM'         0         0         0
'ch02NP'         0         0         0
'ch02SA'         0         0         0
'ch02SM'         0         0         0
'ch02SP'         0         0         0
'ch03LA'         0         0         0
'ch03LM'         0         0         0
'ch03LP'         0         0         0
'ch04NA'         0         0         0
'ch04NM'         0         0         0
'ch04NP'         0         0         0
'ch04SA'         0         0         0
'ch04SM'         0         0         0
'ch04SP'         0         0         0
'n003EA'         0         0         0
'n003EM'         0         0         0
'n003EP'         0         0         0
'n003WA'         0         0         0
'n003WM'         0         0         0
'n003WP'         0         0         0
'n006EA'         0         0         0
'n006EM'         0         0         0
'n006EP'         0         0         0
'n006WA'         0         0         0
'n006WM'         0         0         0
'n006WP'         0         0         0
'n007EA'         0         0         0
'n007EM'         0         0         0
'n007EP'         0         0         0
'n007WA'         0         0         0
'n007WM'         0         0         0
'n007WP'         0         0         0
'n151EA'         0         0         0
'n151EM'         0         0         0
'n151EP'         0         0         0
'n151WA'         0         0         0
'n151WM'         0         0         0
'n151WP'         0         0         0
'n153EA'         0         0         0
'n153EM'         0         0         0
'n153EP'         0         0         0
'n153WA'         0         0         0
'n153WM'         0         0         0
'n153WP'         0         0         0
'n154EA'         0         0         0
'n154EM'         0         0         0
'n154EP'         0         0         0
'n154WA'         0         0         0
'n154WM'         0         0         0
'n154WP'         0         0         0
'n155EA'         0         0         0
'n155EM'         0         0         0
'n155EP'         0         0         0
'n155WA'         0         0         0
'n155WM'         0         0         0
'n155WP'         0         0         0
'n156NA'         0         0         0
'n156NM'         0         0         0
'n156NP'         0         0         0
'n156SA'         0         0         0
'n156SM'         0         0         0
'n156SP'         0         0         0
'n157NA'         0         0         0
'n157NM'         0         0         0
'n157NP'         0         0         0
'n157SA'         0         0         0
'n157SM'         0         0         0
'n157SP'         0         0         0
'n188NA'         0         0         0
'n188NM'         0         0         0
'n188NP'         0         0         0
'n188SA'         0         0         0
'n188SM'         0         0         0
'n188SP'         0         0         0
'n555EA'         0         0         0
'n555EM'         0         0         0
'n555EP'         0         0         0
'n555WA'         0         0         0
'n555WM'         0         0         0
'n555WP'         0         0         0
'n791EA'         0         0         0
'n791EM'         0         0         0
'n791EP'         0         0         0
'n791WA'         0         0         0
'n791WM'         0         0         0
'n791WP'         0         0         0
