    line   @hdwyam   @hdwymd   @hdwypm
'002E1A'         9         0         0
'002E1M'         0        12         0
'002E1P'         0         0         8
'002E2A'         5         0         0
'002E2M'         0        12         0
'002E2P'         0         0         8
'002W1A'         9         0         0
'002W1M'         0        12         0
'002W1P'         0         0         8
'002W2A'         5         0         0
'002W2M'         0        12         0
'002W2P'         0         0         8
'003NB1'         5         7         6
'003SB1'         6         7         5
'004EB1'        12        12        12
'004WB1'        12        12         9
'005EB1'         4         6         5
'005WB1'         4         6         5
'006EB1'         5         6         5
'006WB1'         4         6         5
'007EB1'        12        12        12
'007WB1'        12         0         9
'007WB2'         0        12         0
'008EB1'         5         7         6
'008WB1'         5         7         7
'009E1A'        12         0         0
'009E1M'        23         9         0
'009E1P'         0         0         9
'009E2A'         9         0         0
'009E2M'        23        12         0
'009E2P'         0         0         8
'009W1A'         8         0         0
'009W1M'         0        12        47
'009W1P'         0         0         9
'009W2A'         9         0         9
'009W2M'        23        12        23
'009W2P'         0         0        23
'010NB1'         4         9         5
'010SB1'         5         9         5
'014E1A'         8         0         0
'014E1M'         0         9         0
'014E1P'         0         0         9
'014W1A'         8         0         0
'014W1M'         0         9         0
'014W1P'         0         0         9
'015NB1'        12        16        12
'015SB1'        12        12        12
'016E1A'         8         0         0
'016E1M'         0         8         0
'016E1P'         0         0         8
'016W1A'         8         0         0
'016W1M'         0         8         0
'016W1P'         0         0         8
'017EB1'         7        12         6
'017WB1'         7        12         7
'019EB1'         9         9         9
'019WB1'         8         9         9
'020N1A'         5         0         0
'020N1M'         0         6         0
'020N1P'         0         0         7
'020S1A'         5         0         0
'020S1M'         0         6         0
'020S1P'         0         0         6
'022E1A'         5         0         0
'022E1M'         0         9         0
'022E1P'         0         0         5
'022E2A'        23         0         0
'022E2P'         0         0         0
'022W1A'         5         0         0
'022W1M'         0         9         0
'022W1P'         0         0         7
'022W2A'        23         0         0
'022W2P'         0         0        47
'023EB1'         6         9         6
'023WB1'         6         9         6
'025EB1'         4         8         6
'025WB1'         3         8         6
'026EB1'        12        16        12
'026WB1'        12        16        12
'027NB1'        12        16        12
'027SB1'        12        16        12
'028N1A'         9         0         0
'028N1M'         0        12         0
'028N1P'         0         0        12
'028S1A'        16         0         0
'028S1M'         0        12         0
'028S1P'         0         0        12
'029NB1'        12        16        12
'029SB1'        12        16        12
'032NB1'        23         0         0
'032SB1'         0         0        23
'033EB1'         9        12         8
'033WB1'         8        12         9
'041EB1'        10        10        10
'041WB1'        10        10        10
'043EB1'         0         0         0
'043WB1'         0         0         0
'044EB1'        16        16         9
'044WB1'         6        16        12
'049EB1'         5         7         4
'049WB1'         4         7         4
'050NB1'        12        12        12
'050SB1'        12        12        12
'068NB1'        23        23        23
'068SB1'        23        23        23
'070NB1'        23        23        23
'070SB1'        23        23        23
'084EB1'         5         9         5
'084WB1'         4         9         5
'099E1A'         0         0         0
'099E1M'         0         0         0
'099E1P'         0         0         0
'099EB2'         0         0         0
'099EB3'         2         2         2
'099W1A'         0         0         0
'099W1M'         0         0         0
'099W1P'         0         0         0
'099WB2'         0         0         0
'099WB3'         2         2         2
'100EB1'         7         9         7
'100WB1'         8        12         7
'101EB1'        16        23        16
'101WB1'        16        23        16
'103EB1'         9        12         9
'103WB1'         9        12         9
'104NB1'        12        23        12
'104SB1'        12        23        12
'105NB1'        23        23        23
'105SB1'        23        23        23
'109NB1'        23        47        23
'109SB1'        23        47        23
'110EB1'        16        23        16
'110WB1'        16        23        16
'112EB1'        12        12        12
'112WB1'        12        12        12
'116EB1'        23        23        16
'116WB1'        16        23        16
'119EB1'         8         8         6
'119WB1'         7         8         6
'123EB1'         9        12         9
'123WB1'         9        12         9
'125NB1'         6         0         0
'125SB1'         0         0         5
'128EB1'        16        23        16
'128WB1'        12        23        12
'129EB1'        12        23        12
'129WB1'        12        23        12
'130N1A'         9         0         0
'130N1M'         0         6         0
'130N1P'         0         0         8
'130N2A'         9         0         0
'130N2P'         0         0         8
'130S1A'         9         0         0
'130S1M'         0         6         0
'130S1P'         0         0         9
'130S2A'         8         0         0
'130S2P'         0         0         9
'131EB1'        23        47        23
'131WB1'        23        47        23
'132NB1'        23        47        23
'132SB1'        23        47        23
'133EB1'        12        23        12
'133WB1'        12        23        12
'134EB1'        23        23        23
'134WB1'        23        23        23
'136EB1'        23        23        23
'136WB1'        23        23        23
'143EB1'         8        12         8
'143WB1'         8        12         8
'144NB1'         8        12         9
'144SB1'         9        12         8
'145NB1'         3         6         6
'145SB1'         8         6         4
'146NB1'        23        23        23
'146SB1'        23        23        23
'147EB1'        23        23        12
'147WB1'        12        23        23
'148EB1'        23        23        12
'148WB1'        12        23        23
'151EB1'        23        23        23
'151WB1'        23        23        23
'152EB1'        47        23        23
'152EB2'        23         0        23
'152WB1'        23        23        23
'152WB2'        47         0        23
'153EB1'         9        23         9
'153WB1'         9        23         9
'155EB1'        12        23        16
'155WB1'        16        23        16
'156EB1'        23        23        23
'156WB1'        16        23        23
'157EB1'        23        23        23
'157WB1'        23        23        23
'159EB1'        23        23        12
'159WB1'        23        23        16
'160EB1'         9        12         0
'160EB2'         0         0        12
'160WB1'         0        12        12
'160WB2'        16         0         0
'169EB1'        23        23        16
'169WB1'        23        23        23
'170NB1'         9        23        12
'170SB1'         8        23        12
'171EB1'        16        23        12
'171WB1'        12        23        16
'172EB1'        16        23        12
'172WB1'        12        23        12
'173EB1'        23        23        12
'173WB1'        12        23        16
'174EB1'        16        23        12
'174WB1'        16        23        12
'175EB1'        23         0        47
'175WB1'        23         0        23
'180NB1'        12        12        12
'180SB1'        12        12        12
'181NB1'        23        47        23
'181SB1'        23        47        23
'182NB1'        23        16        23
'182SB1'        23        23        23
'183EB1'        12        23        12
'183WB1'        12        23         9
'184NB1'        12        23        12
'184SB1'        16        23        12
'185NB1'        12        23        12
'185SB1'        12        23        12
'186NB1'         9        23         8
'186SB1'         9        23         8
'187NB1'        12        23         8
'187SB1'        12        23         8
'188EB1'        16        23        12
'188WB1'        16        23        12
'189NB1'        23        23        23
'189SB1'        23        23        23
'191NB1'        23        23        23
'191SB1'        23        23        23
'210N1A'        12         0         0
'210N1M'         0        23         0
'210N1P'         0         0        12
'210S1A'         7         0         0
'210S1M'         0        23         0
'210S1P'         0         0        12
'211E1A'        23         0         0
'211E1M'         0        23         0
'211E1P'         0         0        12
'211W1A'        12         0         0
'211W1M'         0        23         0
'211W1P'        47         0        16
'212EB1'        23        23        23
'212WB1'        23        23        23
'214EB1'         0         0        23
'214EB2'        16        23        23
'214WB1'        23         0         0
'214WB2'        47        23        23
'215EB1'        12        23        12
'215WB1'        12        23        12
'227NB1'        23        23        23
'227SB1'        23        23        23
'228NB1'        12        23        12
'228SB1'        16        23        12
'229EB1'        23        23        12
'229WB1'        16        23        23
'230NB1'        16        23        12
'230SB1'        12        23        12
'231EB1'         0         0        23
'231WB1'        23         0        47
'232EB1'        23        23        47
'232WB1'        23        23        23
'236NB1'        47        23        12
'236SB1'        47        23        12
'239EB1'         0         0         0
'239EB2'         6         8         6
'239WB1'         0         0         0
'239WB2'         6         8         6
'240E1A'         7         0         0
'240E1M'         0        12         0
'240E1P'         0         0         7
'240WB1'         6        12         8
'241NB1'         0         0        12
'241NB2'        47         0         0
'241SB1'         8         0         0
'246E1A'        12         0         0
'246E1M'         0        23         0
'246E1P'         0         0         9
'246W1A'        12         0         0
'246W1M'         0        23         0
'246W1P'         0         0        12
'247NB1'         0         0        47
'247SB1'        23         0         0
'249EB1'        12        23         9
'249WB1'        12        23        12
'250E1A'        16         0         0
'250E1M'         0        23         0
'250E1P'         0         0        47
'250E2A'         9         0         0
'250E2M'         0        12         0
'250E2P'         0         0        12
'250W1A'        16         0         0
'250W1M'         0        23         0
'250W1P'         0         0        12
'250W2A'         9         0         0
'250W2M'         0        12         0
'250W2P'         0         0        12
'251EB1'        23        47        23
'251WB1'        23        47        23
'252EB1'        23        47        23
'252WB1'        23        47        23
'253EB1'        23         0        47
'253EB2'         0        47        47
'253WB1'        47         0        23
'253WB2'        47        47         0
'254N1A'        47         0         0
'254N1M'         0        47        47
'254N1P'         0         0        47
'254S1A'        47         0         0
'254S1M'         0        47        47
'254S1P'         0         0        23
'255EB1'        16        23        16
'255WB1'        16        23        12
'256NB1'        47        47        47
'256SB1'        47        23        47
'257E1A'        23         0         0
'257E1M'         0        23         0
'257E1P'         0         0        16
'257W1A'        16         0         0
'257W1M'         0        23         0
'257W1P'         0         0         9
'258NB1'         0         0        47
'258SB1'        47         0         0
'258SB2'        47         0         0
'262NB1'        23         0        47
'262SB1'        47         0        23
'301EB1'        12        23        16
'301WB1'        12        23        16
'310EB1'        23        23        23
'310WB1'        23        23        23
'311NB1'        23         0         0
'311SB1'         0         0        16
'312NB1'        23        23        16
'312SB1'        23        23        16
'314EB1'        23        47        16
'314WB1'        23        47        23
'316NB1'        23        23        23
'316SB1'        23        23        23
'319NB1'        10        10        10
'319SB1'        10        10        10
'320EB1'        23        23        23
'320EB2'        16        23        23
'320WB1'        23        23        23
'320WB2'        23        23        16
'321NB1'        16        12        12
'321SB1'        12        12        12
'322EB1'        23        23        23
'322WB1'        23        23        23
'323NB1'        12        16        12
'323SB1'        12        16        12
'324NB1'        12        47        16
'324SB1'        12        23        16
'325NB1'        12        23        16
'325SB1'        12        23        16
'326EB1'        23        47        23
'326WB1'        23        47        23
'329NB1'         0        47         0
'329NB2'         0         0        47
'329SB1'         0        47         0
'329SB2'        47         0         0
'335EB1'        16        23        12
'335EB2'        16        23        12
'335WB1'        16        16        12
'335WB2'        12        23         9
'337EB1'        12        12        12
'337WB1'        12        12        12
'340EB1'        12        23        12
'340WB1'        12        23        12
'341NB1'        16        23        16
'341SB1'        16        23        16
'342EB1'        16        23        16
'342WB1'        16        47        16
'345NB1'         0         0         0
'345NB2'        12        23        12
'345SB1'         0         0         0
'345SB2'        12        23        12
'351NB1'         6        12         9
'351SB1'         8        12         8
'352SB1'         0         0        16
'354NB1'        47         0         0
'354SB1'         0         0        12
'360EB1'        23        23        23
'360WB1'        23        23        23
'361EB1'        23        23        23
'361WB1'        23        23        23
'362NB1'         0        23        23
'362SB1'         0        23        23
'363EB1'        23        23        23
'363WB1'        23        23        23
'364EB1'        23        23        23
'364WB1'        23        23        23
'370EB1'        23        47        23
'370WB1'        23        47        23
'371EB1'        23        47        23
'371WB1'        23        47        23
'372EB1'        23        23        23
'372WB1'        23        23        23
'373EB1'        23        23        16
'373WB1'        16        47        16
'375NB1'        23        23        23
'375SB1'        23        23        23
'388EB1'        23         0        23
'388WB1'        23         0        23
'391NB1'        47         0         0
'391SB1'         0         0        23
'393NB1'        47         0         0
'393SB1'         0         0        23
'394NB1'        47         0        23
'394SB1'        47         0        23
'395EB1'         0         0         0
'395EB2'         0         0        16
'395WB1'         0         0         0
'395WB2'        16         0         0
'401EB1'         7        12         6
'401WB1'         7        23         6
'402NB1'         9        23         9
'402SB1'         9        23         9
'403NB1'         9        16        12
'403SB1'        12        16        12
'404EB1'        23        23        23
'404WB1'        23        16        16
'405NB1'        16        23        23
'405SB1'        23        16        23
'407NB1'        16        47        16
'407SB1'        16        47        16
'408EB1'         7        12         6
'408WB1'         7        23         6
'410EB1'         5         0         6
'410EB2'        47         8         0
'410W2M'         0         8         0
'410WB1'         5         0         6
'410WB2'         0         0         0
'412EB1'        12        23        16
'412WB1'        12        23        16
'413EB1'         0        23        23
'413WB1'        47        23        47
'414EB1'         0        47        23
'414WB1'         0        23        23
'416EB1'        23         0        23
'416WB1'        23         0        23
'418NB1'        23         0        23
'418SB1'        23         0        23
'430EB1'         0         0         0
'430WB1'         0         0         0
'480EB1'        16        12         8
'480WB1'         6        12        16
'501NB1'        12        23        47
'501NB2'         0         0        23
'501SB1'        12        23        23
'501SB2'         0         0        23
'502EB1'         9        12         9
'502WB1'         9        12         9
'503EB1'         0         0         0
'503EB2'        16        23        16
'503EB3'        12        23        12
'503WB1'         0         0         0
'503WB2'        16        23        16
'503WB3'        12        23        12
'509EB1'         0         0        16
'509WB1'        23         0         0
'531EB1'        23        23        23
'531WB1'        23        23        16
'555EB1'         5        23         4
'555WB1'         5        23         4
'560EB1'        47        47        47
'560WB1'        47        47        47
'561EB1'        47        47        47
'561WB1'        47        47        47
'562NB1'        16        16        23
'562SB1'        23        23        23
'563NB1'        23        47        47
'563SB1'        23        47        47
'564EB1'        47        47        47
'564WB1'        47        47        47
'595NB1'        23        23        23
'595SB1'        23        23        23
'601NB1'         8        23         9
'601SB1'         9        23         9
'602NB1'        23         0         0
'602SB1'         0         0        23
'603NB1'        23         0         0
'603NB2'        47         0        23
'603SB1'         0         0        23
'603SB2'        23         0         0
'604NB1'        23         0         0
'604NB2'         0         0        47
'604SB1'         0         0        47
'604SB2'        23         0        47
'606EB1'         0         0        23
'606WB1'         0         0        23
'608EB1'        47         0         0
'608WB1'        47         0         0
'609EB1'        47        47        47
'609WB1'        47        47        47
'614NB1'         0        47        47
'614SB1'         0        47        47
'616EB1'        16        23        47
'616WB1'        16        23        47
'617EB1'        16        23        23
'617WB1'        16        23        23
'618NB1'        23        23        47
'618SB1'        23        23        47
'619NB1'         0        47        47
'619SB1'         0        47        47
'620NB1'        47        23        16
'620SB1'        23        47        23
'640NB1'        16        23        23
'640SB1'        16        23        23
'701EB1'        16        12        12
'701WB1'        12        12        12
'719NB1'        23        23        23
'719SB1'        23        23        23
'722NB1'        23        23        23
'722SB1'        23        23        23
'733NB1'        23        23        23
'733SB1'        23        23        23
'741NB1'        23        23        23
'741SB1'        23        23        23
'743EB1'        23        47        16
'743WB1'        16        47        23
'744EB1'        23        47        16
'744WB1'        23        47        23
'745EB1'        23        47        23
'745WB1'         9        47        47
'746EB1'        23        47        12
'746WB1'        47        47        47
'748EB1'        47        47        47
'748WB1'         0        47        47
'749EB1'         0        47        47
'749WB1'        47         0         0
'791EB1'        16        23        16
'791WB1'        16         0        16
'791WB2'         0        23         0
'901NB1'         8         8         8
'901SB1'         6         8         7
'902EB1'         6         8         6
'902WB1'         6         8         6
'903EB1'         8        12         8
'903WB1'         8        12         8
'904EB1'         4         4         4
'904WB1'         4         4         4
'905E1A'         4         0         0
'905E1M'         0         6         0
'905E1P'         0         0         6
'905W1A'         4         0         0
'905W1M'         0         6         0
'905W1P'         0         0         6
'906NB1'         6         6         6
'906SB1'         6         6         6
'907EB1'        12        12        12
'907WB1'        12        12        12
'9900NB'        10        15        10
'9900SB'        10        15        10
'9903EB'         0         0        20
'9903WB'        20         0         0
'9910NB'         5         7         5
'9910SB'         5         7         5
'9911NB'         5         7         5
'9911SB'         5         7         5
'9920EB'       4.5        10       4.5
'9920WB'       4.5        10       4.5
'9920Wx'         0         0         0
'9921EB'       4.5         5       4.5
'9921WB'       4.5         5       4.5
'9922EB'       4.5        10       4.5
'9922WB'       4.5        10       4.5
'9923EB'         0         0         0
'9923WB'         0         0         0
'9924EB'         0         0         0
'9924WB'         0         0         0
'9925EB'         0         0         0
'9925WB'         0         0         0
'9930EB'         0         0         0
'9930WB'         0         0         0
'9931EB'      3.16         6      3.16
'9931WB'      3.16         6      3.16
'9950NB'         0         0         0
'9950SB'         0         0         0
'9951NB'         0         0         0
'9951SB'         0         0         0
'cf01EB'        11        11        11
'cf01WB'        11        11        11
'cf02EB'        11        11        11
'cf02WB'        11        11        11
'cf03EB'        11        11        11
'cf03WB'        11        11        11
'cf04NB'        22        22        22
'cf04SB'        22        22        22
'cf05EB'        22        22        22
'cf05WB'        22        22        22
'cf06  '        22        22        22
'cf07  '        22        22        22
'cf12NB'        22        22        22
'cf12SB'        22        22        22
'cf15EB'        44        44        44
'cf15WB'        44        44        44
'cf16EB'        22        22        22
'cf16WB'        22        22        22
'cf17  '        44        44        44
'cf21EB'        44        44        44
'cf21WB'        44        44        44
'cf22  '        22        22        22
'cf23  '        44        44        44
'cf31NB'        11        22        11
'cf31SB'        11        22        11
'cf32  '        18        22        18
'cf33  '        18        22        18
'cf34NB'        18        22        18
'cf34SB'        18        22        18
'cf35EB'        22         0        22
'cf35WB'        44         0        44
'cf66EB'        22        22        22
'cf66WB'        22        22        22
'ch01NB'        15        15        15
'ch01SB'        15        15        15
'ch02NB'        44        44        44
'ch02SB'        44        44        44
'ch03  '        22        22        22
'ch04NB'        44        44        44
'ch04SB'        44        44        44
