    line   @hdwyam   @hdwymd   @hdwypm  @brdline
'002E1A'         8         0         0         1
'002E1M'         0        10         0         1
'002E1P'         0         0         7         1
'002E2A'         4         0         0         1
'002E2M'         0        10         0         1
'002E2P'         0         0         7         1
'002W1A'         8         0         0         1
'002W1M'         0        10         0         1
'002W1P'         0         0         7         1
'002W2A'         5         0         0         1
'002W2M'         0        10         0         1
'002W2P'         0         0         7         1
'003N1X'         5         6         5         1
'003S1X'         5         6         5         1
'004E1X'        10        10        10         1
'004W1X'        10        10         8         1
'005E1X'         4         5         4         1
'005W1X'         3         5         4         1
'006E1X'         4         5         4         1
'006W1X'         3         5         4         1
'007E1X'        10        10        10         1
'007W1X'        10         0         8         1
'007W2M'         0        10         0         1
'008E1X'         5         6         5         1
'008W1X'         5         6         6         1
'009E1A'        10         0         0         1
'009E1P'         0         0         8         1
'009E2X'        21         8         0         1
'009E3A'         8         0         0         1
'009E3P'         0         0         7         1
'009E4X'        21        10         0         1
'009W1A'         7         0         0         1
'009W1P'         0         0         8         1
'009W2X'         0        10        41         1
'009W3A'         8         0         0         1
'009W3P'         0         0         8         1
'009W4X'        21        10        21         1
'010N1X'         4         8         4         1
'010S1X'         4         8         4         1
'014E1A'         7         0         0         1
'014E1M'         0         8         0         1
'014E1P'         0         0         8         1
'014W1A'         7         0         0         1
'014W1M'         0         8         0         1
'014W1P'         0         0         8         1
'015N1X'        10        14        10         1
'015S1X'        10        10        10         1
'016E1A'         7         0         0         1
'016E1M'         0         7         0         1
'016E1P'         0         0         7         1
'016W1A'         7         0         0         1
'016W1M'         0         7         0         1
'016W1P'         0         0         7         1
'017E1X'         6        10         5         1
'017W1X'         6        10         6         1
'019E1X'         8         8         8         1
'019W1X'         7         8         8         1
'020N1A'         4         0         0         1
'020N1M'         0         5         0         1
'020N1P'         0         0         6         1
'020S1A'         5         0         0         1
'020S1M'         0         5         0         1
'020S1P'         0         0         5         1
'022E1A'         4         0         0         1
'022E1M'         0         8         0         1
'022E1P'         0         0         5         1
'022E2A'        21         0         0         1
'022W1A'         5         0         0         1
'022W1M'         0         8         0         1
'022W1P'         0         0         6         1
'022W2A'        21         0         0         1
'022W2P'         0         0        41         1
'023E1X'         5         8         5         1
'023W1X'         5         8         5         1
'025E1X'         4         7         5         1
'025W1X'         3         7         5         1
'026E1X'        10        14        10         1
'026W1X'        10        14        10         1
'027N1X'        10        14        10         1
'027S1X'        10        14        10         1
'028N1A'         8         0         0         1
'028N1M'         0        10         0         1
'028N1P'         0         0        10         1
'028S1A'        14         0         0         1
'028S1M'         0        10         0         1
'028S1P'         0         0        10         1
'029N1X'        10        14        10         1
'029S1X'        10        14        10         1
'032N1A'        21         0         0         1
'032S1P'         0         0        21         1
'033E1X'         8        10         7         1
'033W1X'         7        10         8         1
'041E1X'         0         0         0         1
'041E2X'         9         9         9         1
'041W1X'         0         0         0         1
'041W2X'         9         9         9         1
'043E1X'         0         0         0         1
'043W1X'         0         0         0         1
'044E1X'        14        14         8         1
'044W1X'         5        14        10         1
'049E1X'         4         6         4         1
'049W1X'         4         6         4         1
'050N1X'        10        10        10         1
'050S1X'        10        10        10         1
'068N1X'        21        21        21         1
'068S1X'        21        21        21         1
'070N1X'        21        21        21         1
'070S1X'        21        21        21         1
'084E1X'         4         8         5         1
'084W1X'         3         8         5         1
'099E1A'         0         0         0         1
'099E1M'         0         0         0         1
'099E1P'         0         0         0         1
'099E2P'         0         0         0         1
'099E3X'         0         0         0         1
'099W1A'         0         0         0         1
'099W1M'         0         0         0         1
'099W1P'         0         0         0         1
'099W2X'         0         0         0         1
'099W3X'         0         0         0         1
'100E1X'         6         8         6         1
'100W1X'         7        10         6         1
'101E1X'        14        21        14         1
'101W1X'        14        21        14         1
'103E1X'         8        10         8         1
'103W1X'         8        10         8         1
'104N1X'        10        21        10         1
'104S1X'        10        21        10         1
'105N1X'        21        21        21         1
'105S1X'        21        21        21         1
'106E1X'         5         7         5         1
'106W1X'         5         7         5         1
'109N1X'        21        41        21         1
'109S1X'        21        41        21         1
'110E1X'        14        21        14         1
'110W1X'        14        21        14         1
'112E1X'        10        10        10         1
'112W1X'        10        10        10         1
'116E1X'        21        21        14         1
'116W1X'        14        21        14         1
'119E1X'         5         7         5         1
'119W1X'         5         7         5         1
'123E1X'         8        10         8         1
'123W1X'         8        10         8         1
'125N1A'         5         0         0         1
'125S1P'         0         0         5         1
'128E1X'        14        21        14         1
'128W1X'        10        21        10         1
'129E1X'        10        21        10         1
'129W1X'        10        21        10         1
'130N1A'         8         0         0         1
'130N1M'         0         5         0         1
'130N1P'         0         0         7         1
'130N2A'         8         0         0         1
'130N2P'         0         0         7         1
'130S1A'         8         0         0         1
'130S1M'         0         5         0         1
'130S1P'         0         0         8         1
'130S2A'         7         0         0         1
'130S2P'         0         0         8         1
'131E1X'        21        41        21         1
'131W1X'        21        41        21         1
'132N1X'        21        41        21         1
'132S1X'        21        41        21         1
'133E1X'        10        21        10         1
'133W1X'        10        21        10         1
'134E1X'        21        21        21         1
'134W1X'        21        21        21         1
'136E1X'        21        21        21         1
'136W1X'        21        21        21         1
'143E1X'         7        10         7         1
'143W1X'         7        10         7         1
'144N1X'         7        10         8         1
'144S1X'         8        10         7         1
'145N1X'         3         5         5         1
'145S1X'         7         5         3         1
'146N1X'        21        21        21         1
'146S1X'        21        21        21         1
'147E1X'        21        21        10         1
'147W1X'        10        21        21         1
'148E1X'        21        21        10         1
'148W1X'        10        21        21         1
'151E1X'        21        21        21         1
'151W1X'        21        21        21         1
'152E1X'        41        21        21         1
'152E2X'        21         0        21         1
'152W1X'        21        21        21         1
'152W2X'        41         0        21         1
'153E1X'         8        21         8         1
'153W1X'         8        21         8         1
'155E1X'        10        21        14         1
'155W1X'        14        21        14         1
'156E1X'        21        21        21         1
'156W1X'        14        21        21         1
'157E1X'        21        21        21         1
'157W1X'        21        21        21         1
'159E1X'        21        21        10         1
'159W1X'        21        21        14         1
'160E1X'         8        10         0         1
'160E2P'         0         0        10         1
'160W1X'         0        10        10         1
'160W2A'        14         0         0         1
'169E1X'        21        21        14         1
'169W1X'        21        21        21         1
'170N1X'         8        21        10         1
'170S1X'         7        21        10         1
'171E1X'        14        21        10         1
'171W1X'        10        21        14         1
'172E1X'        14        21        10         1
'172W1X'        10        21        10         1
'173E1X'        21        21        10         1
'173W1X'        10        21        14         1
'174E1X'        14        21        10         1
'174W1X'        14        21        10         1
'175E1X'        21         0        41         1
'175W1X'        21         0        21         1
'180N1X'        10        10        10         1
'180S1X'        10        10        10         1
'181N1X'        21        41        21         1
'181S1X'        21        41        21         1
'182N1X'        21        14        21         1
'182S1X'        21        21        21         1
'183E1X'        10        21        10         1
'183W1X'        10        21         8         1
'184N1X'        10        21        10         1
'184S1X'        14        21        10         1
'185N1X'        10        21        10         1
'185S1X'        10        21        10         1
'186N1X'         8        21         7         1
'186S1X'         8        21         7         1
'187N1X'        10        21         7         1
'187S1X'        10        21         7         1
'188E1X'        14        21        10         1
'188W1X'        14        21        10         1
'189N1X'        21        21        21         1
'189S1X'        21        21        21         1
'191N1X'        21        21        21         1
'191S1X'        21        21        21         1
'210N1A'        10         0         0         1
'210N1M'         0        21         0         1
'210N1P'         0         0        10         1
'210S1A'         6         0         0         1
'210S1M'         0        21         0         1
'210S1P'         0         0        10         1
'211E1A'        21         0         0         1
'211E1M'         0        21         0         1
'211E1P'         0         0        10         1
'211W1A'        10         0         0         1
'211W1M'         0        21         0         1
'211W2X'        41         0        14         1
'212E1X'        21        21        21         1
'212W1X'        21        21        21         1
'214E1P'         0         0        21         1
'214E2X'        14        21        21         1
'214W1A'        21         0         0         1
'214W2X'        41        21        21         1
'215E1X'        10        21        10         1
'215W1X'        10        21        10         1
'227N1X'        21        21        21         1
'227S1X'        21        21        21         1
'228N1X'        10        21        10         1
'228S1X'        14        21        10         1
'229E1X'        21        21        10         1
'229W1X'        14        21        21         1
'230N1X'        14        21        10         1
'230S1X'        10        21        10         1
'231E1P'         0         0        21         1
'231W1X'        21         0        41         1
'232E1X'        21        21        41         1
'232W1X'        21        21        21         1
'236N1X'        41        21        10         1
'236S1X'        41        21        10         1
'239E1X'         0         0         0         1
'239E2X'         5         7         5         1
'239W1X'         0         0         0         1
'239W2X'         5         7         5         1
'240E1A'         6         0         0         1
'240E1M'         0        10         0         1
'240E1P'         0         0         6         1
'240W1X'         5        10         7         1
'241N1P'         0         0        10         1
'241N2A'        41         0         0         1
'241S1A'         7         0         0         1
'246E1A'        10         0         0         1
'246E1M'         0        21         0         1
'246E1P'         0         0         8         1
'246W1A'        10         0         0         1
'246W1M'         0        21         0         1
'246W1P'         0         0        10         1
'247N1P'         0         0        41         1
'247S1A'        21         0         0         1
'249E1X'        10        21         8         1
'249W1X'        10        21        10         1
'250E1A'        14         0         0         1
'250E1M'         0        21         0         1
'250E1P'         0         0        41         1
'250E2A'         8         0         0         1
'250E2M'         0        10         0         1
'250E2P'         0         0        10         1
'250W1A'        14         0         0         1
'250W1M'         0        21         0         1
'250W1P'         0         0        10         1
'250W2A'         8         0         0         1
'250W2M'         0        10         0         1
'250W2P'         0         0        10         1
'251E1X'        21        41        21         1
'251W1X'        21        41        21         1
'252E1X'        21        41        21         1
'252W1X'        21        41        21         1
'253E1X'        21         0        41         1
'253E2X'         0        41        41         1
'253W1X'        41         0        21         1
'253W2X'        41        41         0         1
'254N1A'        41         0         0         1
'254N1P'         0         0        41         1
'254N2X'         0        41        41         1
'254S1A'        41         0         0         1
'254S1P'         0         0        21         1
'254S2X'         0        41        41         1
'255E1X'        14        21        14         1
'255W1X'        14        21        10         1
'256N1X'        41        41        41         1
'256S1X'        41        21        41         1
'257E1A'        21         0         0         1
'257E1M'         0        21         0         1
'257E1P'         0         0        14         1
'257W1A'        14         0         0         1
'257W1M'         0        21         0         1
'257W1P'         0         0         8         1
'258N1P'         0         0        41         1
'258S1A'        41         0         0         1
'258S2A'        41         0         0         1
'262N1X'        21         0        41         1
'262S1X'        41         0        21         1
'301E1X'        10        21        14         1
'301W1X'        10        21        14         1
'310E1X'        21        21        21         1
'310W1X'        21        21        21         1
'311N1A'        21         0         0         1
'311S1P'         0         0        14         1
'312N1X'        21        21        14         1
'312S1X'        21        21        14         1
'314E1X'        21        41        14         1
'314W1X'        21        41        21         1
'316N1X'        21        21        21         1
'316S1X'        21        21        21         1
'319N1X'         9         9         9         1
'319S1X'         9         9         9         1
'320E1X'        21        21        21         1
'320E2X'        14        21        21         1
'320W1X'        21        21        21         1
'320W2X'        21        21        14         1
'321N1X'        14        10        10         1
'321S1X'        10        10        10         1
'322E1X'        21        21        21         1
'322W1X'        21        21        21         1
'323N1X'        10        14        10         1
'323S1X'        10        14        10         1
'324N1X'        10        41        14         1
'324S1X'        10        21        14         1
'325N1X'        10        21        14         1
'325S1X'        10        21        14         1
'326E1X'        21        41        21         1
'326W1X'        21        41        21         1
'329N1M'         0        41         0         1
'329N2P'         0         0        41         1
'329S1M'         0        41         0         1
'329S2A'        41         0         0         1
'335E1X'        14        21        10         1
'335E2X'        14        21        10         1
'335W1X'        14        14        10         1
'335W2X'        10        21         8         1
'337E1X'        10        10        10         1
'337W1X'        10        10        10         1
'340E1X'        10        21        10         1
'340W1X'        10        21        10         1
'341N1X'        14        21        14         1
'341S1X'        14        21        14         1
'342E1X'        14        21        14         1
'342W1X'        14        41        14         1
'345N1X'         0         0         0         1
'345N2X'        10        21        10         1
'345S1X'         0         0         0         1
'345S2X'        10        21        10         1
'351N1X'         5        10         8         1
'351S1X'         7        10         7         1
'352S1P'         0         0        14         1
'354N1A'        41         0         0         1
'354S1P'         0         0        10         1
'360E1X'        21        21        21         1
'360W1X'        21        21        21         1
'361E1X'        21        21        21         1
'361W1X'        21        21        21         1
'362N1X'         0        21        21         1
'362S1X'         0        21        21         1
'363E1X'        21        21        21         1
'363W1X'        21        21        21         1
'364E1X'        21        21        21         1
'364W1X'        21        21        21         1
'370E1X'        21        41        21         1
'370W1X'        21        41        21         1
'371E1X'        21        41        21         1
'371W1X'        21        41        21         1
'372E1X'        21        21        21         1
'372W1X'        21        21        21         1
'373E1X'        21        21        14         1
'373W1X'        14        41        14         1
'375N1X'        21        21        21         1
'375S1X'        21        21        21         1
'388E1X'        21         0        21         1
'388W1X'        21         0        21         1
'391N1A'        41         0         0         1
'391S1P'         0         0        21         1
'393N1A'        41         0         0         1
'393S1P'         0         0        21         1
'394N1X'        41         0        21         1
'394S1X'        41         0        21         1
'395E1P'         0         0         0         1
'395E2P'         0         0        14         1
'395W1A'         0         0         0         1
'395W2A'        14         0         0         1
'401E1X'         6        10         5         1
'401W1X'         6        10         5         1
'402N1X'         8        21         8         1
'402S1X'         8        21         8         1
'403N1X'         8        14        10         1
'403S1X'        10        14        10         1
'404E1X'        21        21        21         1
'404W1X'        21        14        14         1
'405N1X'        14        21        21         1
'405S1X'        21        14        21         1
'407N1X'        14        41        14         1
'407S1X'        14        41        14         1
'408E1X'         6        10         5         1
'408W1X'         6        10         5         1
'410E1X'         5         0         5         1
'410E2X'        41         7         0         1
'410W1X'         4         0         5         1
'410W2M'         0         7         0         1
'412E1X'        10        21        14         1
'412W1X'        10        21        14         1
'413E1X'         0        21        21         1
'413W1X'        41        21        41         1
'414E1X'         0        41        21         1
'414W1X'         0        21        21         1
'416E1X'        21         0        21         1
'416W1X'        21         0        21         1
'418N1X'        21         0        21         1
'418S1X'        21         0        21         1
'430E1X'         0         0         0         1
'430W1X'         0         0         0         1
'480E1X'        14        10         7         1
'480W1X'         5        10        14         1
'501N1X'        10        21        41         1
'501N2P'         0         0        21         1
'501S1X'        10        21        21         1
'501S2P'         0         0        21         1
'502E1X'         8        10         8         1
'502W1X'         8        10         8         1
'503E1X'         0         0         0         1
'503E2X'        14        21        14         1
'503E3X'        10        21        10         1
'503W1X'         0         0         0         1
'503W2X'        14        21        14         1
'503W3X'        10        21        10         1
'509E1P'         0         0        14         1
'509W1A'        21         0         0         1
'531E1X'        21        21        21         1
'531W1X'        21        21        14         1
'555E1X'         4        21         3         1
'555W1X'         5        21         4         1
'560E1X'        41        41        41         1
'560W1X'        41        41        41         1
'561E1X'        41        41        41         1
'561W1X'        41        41        41         1
'562N1X'        14        14        21         1
'562S1X'        21        21        21         1
'563N1X'        21        41        41         1
'563S1X'        21        41        41         1
'564E1X'        41        41        41         1
'564W1X'        41        41        41         1
'595N1X'        21        21        21         1
'595S1X'        21        21        21         1
'601N1X'         7        21         8         1
'601S1X'         8        21         8         1
'602N1A'        21         0         0         1
'602S1P'         0         0        21         1
'603N1A'        21         0         0         1
'603N2X'        41         0        21         1
'603S1P'         0         0        21         1
'603S2A'        21         0         0         1
'604N1A'        21         0         0         1
'604N2P'         0         0        41         1
'604S1P'         0         0        41         1
'604S2X'        21         0        41         1
'606E1P'         0         0        21         1
'606W1P'         0         0        21         1
'608E1A'        41         0         0         1
'608W1A'        41         0         0         1
'609E1X'        41        41        41         1
'609W1X'        41        41        41         1
'614N1X'         0        41        41         1
'614S1X'         0        41        41         1
'616E1X'        14        21        41         1
'616W1X'        14        21        41         1
'617E1X'        14        21        21         1
'617W1X'        14        21        21         1
'618N1X'        21        21        41         1
'618S1X'        21        21        41         1
'619N1X'         0        41        41         1
'619S1X'         0        41        41         1
'620N1X'        41        21        14         1
'620S1X'        21        41        21         1
'640N1X'        14        21        21         1
'640S1X'        14        21        21         1
'701E1X'        14        10        10         1
'701W1X'        10        10        10         1
'719N1X'        21        21        21         1
'719S1X'        21        21        21         1
'722N1X'        21        21        21         1
'722S1X'        21        21        21         1
'733N1X'        21        21        21         1
'733S1X'        21        21        21         1
'741N1X'        21        21        21         1
'741S1X'        21        21        21         1
'743E1X'        21        41        14         1
'743W1X'        14        41        21         1
'744E1X'        21        41        14         1
'744W1X'        21        41        21         1
'745E1X'        21        41        21         1
'745W1X'         8        41        41         1
'746E1X'        21        41        10         1
'746W1X'        41        41        41         1
'748E1X'        41        41        41         1
'748W1X'         0        41        41         1
'749E1X'         0        41        41         1
'749W1A'        41         0         0         1
'791E1X'        14        21        14         1
'791W1X'        14         0        14         1
'791W2M'         0        21         0         1
'900N1X'        10        15        10         1
'900S1X'        10        15        10         1
'903E1P'         0         0        20         1
'903W1A'        20         0         0         1
'910N1X'         5         7         5         1
'910S1X'         5         7         5         1
'911N1X'         5         7         5         1
'911S1X'         5         7         5         1
'920E1X'       4.5        10       4.5         1
'920W1X'       4.5        10       4.5         1
'920W2A'         0         0         0         1
'921E1X'       4.5         5       4.5         1
'921W1X'       4.5         5       4.5         1
'922E1X'       4.5        10       4.5         1
'922W1X'       4.5        10       4.5         1
'923E1X'         0         0         0         1
'923W1X'         0         0         0         1
'924E1X'         0         0         0         1
'924W1X'         0         0         0         1
'925E1X'         0         0         0         1
'925W1X'         0         0         0         1
'930E1X'         0         0         0         1
'930W1X'         0         0         0         1
'931E1X'         0         0         0         1
'931W1X'         0         0         0         1
'936E1X'         3         5         3         1
'936W1X'         3         5         3         1
'950N1X'         0         0         0         1
'950S1X'         0         0         0         1
'951N1X'         0         0         0         1
'951S1X'         0         0         0         1
'971N1X'         7         7         7         1
'971S1X'         5         7         6         1
'972E1X'         5         7         5         1
'972W1X'         5         7         5         1
'973E1X'         7        10         7         1
'973W1X'         7        10         7         1
'974E1X'         3         3         3         1
'974W1X'         3         3         3         1
'975E1A'         4         0         0         1
'975E1M'         0         5         0         1
'975E1P'         0         0         5         1
'975W1A'         3         0         0         1
'975W1M'         0         5         0         1
'975W1P'         0         0         5         1
'976N1X'         5         5         5         1
'976S1X'         5         5         5         1
'977E1X'        10        10        10         1
'977W1X'        10        10        10         1
'C01N1X'         9        13         9         1
'C01S1X'         9        13         7         1
'C02N1X'        38        38        38         1
'C02S1X'        38        38        38         1
'C03L1X'        19        38        19         1
'C04N1X'        38        38        38         1
'C04S1X'        38        38        38         1
'C05L1X'        38         0         0         1
'C07N1X'        38        38         0         1
'C07S1X'        38        38        38         1
'C08L1X'        38        38        38         1
'C09L1X'        38         0        38         1
'C11N1X'        38        38        38         1
'C11S1X'        38         0        38         1
'C22N1X'        38         0        38         1
'F01E1X'         9        19         9         1
'F01W1X'         9        19         9         1
'F02E1X'         9        19         9         1
'F02W1X'        13        19         9         1
'F03E1X'         9        19         9         1
'F03W1X'         9        19         9         1
'F04N1X'        19        19        19         1
'F04S1X'        19        19        19         1
'F05E1X'        19        19        19         1
'F05W1X'        19        19        19         1
'F06L1X'        19        38        19         1
'F07L1X'        19        19        19         1
'F12N1X'        19         0        19         1
'F12S1X'        19        38        13         1
'F15E1X'        38        38        38         1
'F15W1X'        19        38        38         1
'F16E1X'        19         0        19         1
'F16W1X'        19         0        19         1
'F17L1X'        38         0        19         1
'F21E1X'        38        38        38         1
'F21W1X'        38        38         0         1
'F22L1X'        38         0         0         1
'F23L1X'        38         0         0         1
'F24L1X'        38         0         0         1
'F26L1X'        38         0         0         1
'F31N1X'        13        19        13         1
'F31S1X'         7        19        13         1
'F32L1X'        13        19        19         1
'F33L1X'        13        19        13         1
'F34N1X'        19        19        19         1
'F34S1X'        19        19        13         1
'F35E1X'        19        38         0         1
'F35W1X'        19         0         0         1
'F39L1X'         0        38        38         1
'F66E1X'        19        19        19         1
'F66W1X'        19        19        19         1
